22	179168
524	179168
1025	179168
1525	307680
2026	307680
2527	307680
3027	307680
3528	307680
4029	307680
4529	307680
5030	307680
5531	307680
6031	307680
6532	307680
7033	307680
7533	307680
8038	307680
8548	307680
9048	307680
9549	307680
10054	307680
10566	307680
11070	307680
11572	307680
12080	307680
12582	307680
13095	307680
13595	725816
14096	725816
14597	725816
15097	725816
15598	725816
16099	725816
16599	725816
17100	725816
17600	725816
18101	725816
18602	725816
19102	777352
19603	880424
20104	880424
20604	880424
21105	880424
21606	983496
22106	983496
22607	983496
23108	983496
23608	1025588
24109	1025588
24610	1077124
25110	1128660
25611	1149706
26112	1149706
26612	1149706
27113	1149706
27613	1149706
28114	1149706
28614	1149706
29115	1149706
29615	1149706
30116	1170752
30622	1170752
31122	1170752
31623	1170752
32125	1191798
32625	1191798
33126	1191798
33630	1191798
34131	1191798
34633	1191798
35154	1191798
35655	1191798
36169	1191798
36673	1191798
37173	1525770
37674	1525770
38175	1525770
38675	1525770
39176	1525770
39677	1525770
40177	1525770
40678	1525770
41179	1525770
41679	1525770
42180	1525770
42681	1525770
43181	1525770
43682	1525770
44183	1525770
44683	1525770
45184	1525770
45697	1649258
46221	1649258
46743	1649258
47251	1649258
47764	1649258
48272	1649258
48777	1649258
49284	1649258
49786	1649258
50292	1649258
50801	1649258
51316	1649258
51821	1649258
52341	1649258
52843	1649258
53348	1649258
53863	1649258
54376	1649258
54880	1649258
55381	1649258
55892	1649258
56394	1649258
56897	1649258
57405	1649258
57908	1649258
58414	1649258
58917	1649258
59423	1649258
59931	1649258
60436	1649258
60945	1649258
61461	1649258
61970	1649258
62479	1649258
62980	1649258
63492	1649258
64003	1649258
64504	1649258
65015	1649258
65528	1649258
66031	1649258
66534	1649258
67038	1649258
67561	1649258
68079	1649258
