132	4300
884	4300
1841	4300
2574	4300
3246	4300
3973	4300
4577	4300
5303	4300
6314	4300
7250	6450
8008	8600
8570	8600
9716	8600
10657	8600
11626	8600
12669	8600
13663	8600
14581	8600
15723	8600
16779	8600
17578	8600
18634	12900
19635	12900
20626	12900
21690	12900
22719	12900
23691	12900
24655	12900
25700	12900
26668	12900
27712	12900
28411	354041
28964	356921
29524	361961
30062	364841
30628	364841
31172	375033
31728	393977
32280	417657
32817	427129
33356	436601
33894	455545
34431	455545
34981	483961
35526	502905
36090	540793
