22	256248
524	256248
1025	256248
1525	256248
2026	256248
2527	256248
3027	256248
3528	256248
4029	256248
4529	256248
5030	256248
5531	256248
6031	256248
6532	256248
7033	256248
7533	256248
8038	284568
8548	284568
9048	284568
9549	284568
10054	284568
10566	284568
11070	284568
11572	284568
12080	284568
12582	284568
13095	284568
13595	702704
14096	702704
14597	702704
15097	702704
15598	702704
16099	702704
16599	702704
17100	702704
17600	702704
18101	702704
18602	702704
19102	754240
19603	857312
20104	857312
20604	857312
21105	857312
21606	908848
22106	908848
22607	908848
23108	908848
23608	950940
24109	971986
24610	971986
25110	1023522
25611	1044568
26112	1044568
26612	1044568
27113	1044568
27613	1044568
28114	1044568
28614	1044568
29115	1044568
29615	1065614
30116	1065614
30622	1086660
31122	1086660
31623	1086660
32125	1136660
32625	1136660
33126	1136660
33630	1136660
34131	1136660
34633	1136660
35154	1136660
35655	1136660
36169	1136660
36673	1136660
37173	1470632
37674	1470632
38175	1470632
38675	1470632
39176	1470632
39677	1470632
40177	1470632
40678	1470632
41179	1470632
41679	1470632
42180	1470632
42681	1470632
43181	1470632
43682	1470632
44183	1470632
44683	1470632
45184	1470632
45697	1470632
46221	1470632
46743	1470632
47251	1470632
47764	1470632
48272	1470632
48777	1470632
49284	1470632
49786	1470632
50292	1470632
50801	1470632
51316	1470632
51821	1470632
52341	1470632
52843	1470632
53348	1470632
53863	1470632
54376	1470632
54880	1470632
55381	1470632
55892	1470632
56394	1604344
56897	1604344
57405	1604344
57908	1604344
58414	1604344
58917	1604344
59423	1604344
59931	1604344
60436	1604344
60945	1604344
61461	1604344
61970	1604344
62479	1604344
62980	1604344
63492	1604344
64003	1604344
64504	1604344
65015	1604344
65528	1604344
66031	1604344
66534	1604344
67038	1604344
67561	1604344
68079	1604344
