132	2150
884	2150
1841	2150
2574	4300
3246	6450
3973	6450
4577	6450
5303	6450
6314	6450
7250	6450
8008	6450
8570	6450
9716	6450
10657	6450
11626	8600
12669	8600
13663	8600
14581	10750
15723	10750
16779	10750
17578	10750
18634	10750
19635	10750
20626	10750
21690	10750
22719	12900
23691	12900
24655	12900
25700	12900
26668	12900
27712	15050
28411	352693
28964	357281
29524	362321
30062	364481
30628	365201
31172	372665
31728	396345
32280	415289
32817	429497
33356	434233
33894	453177
34431	453177
34981	481593
35526	505273
36090	540793
