132	4300
884	4300
1841	4300
2574	4300
3246	4300
3973	4300
4577	4300
5303	4300
6314	6450
7250	6450
8008	6450
8570	8600
9716	8600
10657	8600
11626	8600
12669	8600
13663	8600
14581	8600
15723	8600
16779	10750
17578	10750
18634	12900
19635	12900
20626	12900
21690	12900
22719	12900
23691	12900
24655	12900
25700	12900
26668	12900
27712	12900
28411	352693
28964	356921
29524	361961
30062	364481
30628	365201
31172	372665
31728	393977
32280	415289
32817	429497
33356	434233
33894	453177
34431	453177
34981	483961
35526	502905
36090	540793
