22	18176	18176
524	172032	362240
1025	172032	534272
1525	172032	706304
2026	0	706304
2527	0	706304
3027	0	706304
3528	0	709376
4029	0	709376
4529	0	712448
5030	0	712448
5531	0	712448
6031	0	712448
6532	0	712448
7033	0	712448
7533	0	712448
8038	0	712448
8548	0	712448
9048	0	712448
9549	0	712448
10054	0	712448
10566	0	712448
11070	0	712448
11572	0	712448
12080	0	712448
12582	0	712448
13095	0	712448
13595	156672	869120
14096	0	869120
14597	0	869120
15097	0	869120
15598	0	869120
16099	0	869120
16599	0	869120
17100	0	869120
17600	0	869120
18101	0	869120
18602	0	869120
19102	0	904320
19603	0	1057920
20104	0	1057920
20604	0	1057920
21105	0	1057920
21606	0	1057920
22106	0	1057920
22607	0	1057920
23108	0	1057920
23608	153600	1246720
24109	0	1246720
24610	0	1246720
25110	153600	1435520
25611	0	1435520
26112	0	1435520
26612	0	1435520
27113	0	1435520
27613	153600	1624320
28114	0	1624320
28614	0	1624320
29115	0	1624320
29615	0	1624320
30116	0	1624320
30622	0	1624320
31122	0	1639680
31623	0	1639680
32125	0	1639680
32625	0	1639680
33126	0	1639680
33630	0	1639680
34131	0	1639680
34633	0	1639680
35154	0	1639680
35655	0	1639680
36169	0	1639680
36673	0	1639680
37173	0	1657856
37674	0	1657856
38175	0	1657856
38675	0	1657856
39176	0	1657856
39677	0	1657856
40177	0	1657856
40678	0	1657856
41179	0	1657856
41679	0	1657856
42180	0	1657856
42681	0	1657856
43181	0	1657856
43682	0	1657856
44183	0	1657856
44683	0	1657856
45184	0	1657856
45697	0	1670144
46221	0	1707008
46743	0	1719296
47251	0	1719296
47764	0	1719296
48272	0	1719296
48777	0	1719296
49284	0	1719296
49786	0	1719296
50292	0	1719296
50801	0	1719296
51316	0	1719296
51821	0	1719296
52341	0	1719296
52843	0	1719296
53348	0	1719296
53863	0	1719296
54376	0	1719296
54880	0	1719296
55381	0	1719296
55892	0	1719296
56394	0	1719296
56897	0	1719296
57405	0	1719296
57908	0	1719296
58414	0	1719296
58917	0	1719296
59423	0	1719296
59931	0	1719296
60436	0	1719296
60945	0	1719296
61461	0	1719296
61970	0	1719296
62479	0	1719296
62980	0	1719296
63492	0	1719296
64003	0	1719296
64504	0	1719296
65015	0	1719296
65528	0	1719296
66031	0	1719296
66534	0	1719296
67038	0	1719296
67561	0	1719296
68079	0	1719296
