22	172032	172032
524	172032	359424
1025	172032	531456
1525	0	531456
2026	0	531456
2527	0	531456
3027	0	534528
3528	0	537600
4029	0	709632
4529	0	709632
5030	0	709632
5531	0	709632
6031	0	709632
6532	0	709632
7033	0	709632
7533	0	709632
8038	0	709632
8548	0	709632
9048	0	709632
9549	0	709632
10054	0	709632
10566	0	709632
11070	0	709632
11572	0	709632
12080	0	709632
12582	0	709632
13095	0	709632
13595	0	733056
14096	0	733056
14597	0	733056
15097	0	733056
15598	0	733056
16099	0	733056
16599	0	733056
17100	0	733056
17600	0	733056
18101	0	733056
18602	0	733056
19102	0	733056
19603	153600	921856
20104	0	921856
20604	0	921856
21105	0	921856
21606	0	921856
22106	0	921856
22607	0	921856
23108	0	921856
23608	0	921856
24109	0	937216
24610	153600	1126016
25110	0	1126016
25611	153600	1314816
26112	0	1314816
26612	0	1314816
27113	0	1314816
27613	0	1314816
28114	0	1314816
28614	0	1314816
29115	0	1314816
29615	0	1330176
30116	0	1330176
30622	0	1330176
31122	0	1345536
31623	0	1345536
32125	0	1345536
32625	0	1345536
33126	0	1468416
33630	0	1468416
34131	0	1468416
34633	0	1468416
35154	0	1468416
35655	0	1468416
36169	0	1468416
36673	0	1468416
37173	0	1468416
37674	0	1468416
38175	0	1468416
38675	0	1468416
39176	0	1468416
39677	0	1468416
40177	0	1468416
40678	0	1468416
41179	0	1468416
41679	0	1468416
42180	0	1468416
42681	0	1468416
43181	0	1468416
43682	0	1468416
44183	0	1468416
44683	0	1468416
45184	0	1468416
45697	0	1468416
46221	0	1468416
46743	0	1468416
47251	0	1468416
47764	0	1468416
48272	0	1468416
48777	0	1468416
49284	0	1468416
49786	0	1468416
50292	0	1468416
50801	0	1468416
51316	0	1468416
51821	0	1468416
52341	0	1468416
52843	0	1468416
53348	0	1468416
53863	0	1468416
54376	0	1468416
54880	0	1468416
55381	0	1468416
55892	0	1468416
56394	0	1479680
56897	0	1479680
57405	0	1479680
57908	0	1479680
58414	0	1479680
58917	0	1479680
59423	0	1479680
59931	0	1479680
60436	0	1479680
60945	0	1479680
61461	0	1479680
61970	0	1479680
62479	0	1479680
62980	0	1479680
63492	0	1479680
64003	0	1479680
64504	0	1479680
65015	0	1479680
65528	0	1479680
66031	0	1479680
66534	0	1479680
67038	0	1479680
67561	0	1479680
68079	0	1479680
