132	2150	2150
884	0	2150
1841	0	2150
2574	0	2150
3246	0	4300
3973	0	4300
4577	0	4300
5303	0	4300
6314	0	4300
7250	0	4300
8008	0	4300
8570	0	4300
9716	0	4300
10657	0	4300
11626	0	4300
12669	0	4300
13663	0	4300
14581	0	4300
15723	0	4300
16779	0	4300
17578	0	4300
18634	0	4300
19635	0	4300
20626	0	4300
21690	0	4300
22719	0	4300
23691	0	4300
24655	0	4300
25700	0	4300
26668	0	4300
27712	0	4300
28411	81896	86196
28964	79410	86916
29524	74805	88356
30062	73840	88356
30628	66980	89076
31172	56560	89076
31728	57552	96180
32280	59016	100916
32817	60148	108020
33356	60148	108020
33894	56084	112756
34431	47284	112756
34981	48788	119860
35526	50204	126964
36090	56652	138804
