22	66832	66832
524	66832	66832
1025	66832	66832
1525	50128	66832
2026	50128	66832
2527	50128	66832
3027	50128	66832
3528	50128	66832
4029	50128	66832
4529	19024	66832
5030	19024	66832
5531	19024	66832
6031	0	66832
6532	0	66832
7033	0	66832
7533	0	66832
8038	0	66832
8548	0	66832
9048	0	66832
9549	0	66832
10054	0	66832
10566	0	66832
11070	0	66832
11572	0	66832
12080	0	66832
12582	0	66832
13095	0	66832
13595	67948	134780
14096	67948	134780
14597	67948	134780
15097	67948	134780
15598	67948	134780
16099	67948	134780
16599	33974	134780
17100	33974	134780
17600	33974	134780
18101	33974	134780
18602	33974	134780
19102	51536	186316
19603	103072	237852
20104	103072	237852
20604	103072	237852
21105	103072	237852
21606	103072	237852
22106	103072	237852
22607	103072	237852
23108	103072	237852
23608	51536	237852
24109	51536	237852
24610	103072	289388
25110	103072	289388
25611	103072	289388
26112	103072	289388
26612	103072	289388
27113	103072	289388
27613	51536	289388
28114	51536	289388
28614	51536	289388
29115	51536	289388
29615	51536	289388
30116	51536	289388
30622	51536	289388
31122	51536	289388
31623	51536	289388
32125	0	289388
32625	0	289388
33126	0	289388
33630	0	289388
34131	0	289388
34633	0	289388
35154	0	289388
35655	0	289388
36169	0	289388
36673	0	289388
37173	54168	343556
37674	54168	343556
38175	54168	343556
38675	31572	343556
39176	31572	343556
39677	31572	343556
40177	31572	343556
40678	8976	343556
41179	0	343556
41679	0	343556
42180	0	343556
42681	0	343556
43181	0	343556
43682	0	343556
44183	0	343556
44683	0	343556
45184	0	343556
45697	0	343556
46221	0	343556
46743	0	343556
47251	0	343556
47764	0	343556
48272	0	343556
48777	0	343556
49284	0	343556
49786	0	343556
50292	0	343556
50801	0	343556
51316	0	343556
51821	0	343556
52341	0	343556
52843	0	343556
53348	0	343556
53863	0	343556
54376	0	343556
54880	0	343556
55381	0	343556
55892	0	343556
56394	0	343556
56897	0	343556
57405	0	343556
57908	0	343556
58414	0	343556
58917	0	343556
59423	0	343556
59931	0	343556
60436	0	343556
60945	0	343556
61461	0	343556
61970	0	343556
62479	0	343556
62980	0	343556
63492	0	343556
64003	0	343556
64504	0	343556
65015	0	343556
65528	0	343556
66031	0	343556
66534	0	343556
67038	0	343556
67561	0	343556
68079	0	343556
