22	31104	31104
524	31104	31104
1025	31104	31104
1525	31104	31104
2026	31104	31104
2527	31104	31104
3027	0	31104
3528	0	31104
4029	0	31104
4529	0	31104
5030	0	31104
5531	0	31104
6031	0	31104
6532	0	31104
7033	0	31104
7533	0	31104
8038	0	31104
8548	0	31104
9048	0	31104
9549	0	31104
10054	0	31104
10566	0	31104
11070	0	31104
11572	0	31104
12080	0	31104
12582	0	31104
13095	0	31104
13595	138508	169612
14096	138508	169612
14597	138508	169612
15097	138508	169612
15598	138508	169612
16099	138508	169612
16599	138508	169612
17100	138508	169612
17600	138508	169612
18101	138508	169612
18602	138508	169612
19102	138508	169612
19603	67948	169612
20104	67948	169612
20604	67948	169612
21105	67948	169612
21606	67948	169612
22106	33974	169612
22607	33974	169612
23108	33974	169612
23608	55020	190658
24109	55020	190658
24610	55020	190658
25110	72582	242194
25611	72582	242194
26112	72582	242194
26612	51536	242194
27113	51536	242194
27613	51536	242194
28114	51536	242194
28614	51536	242194
29115	51536	242194
29615	51536	242194
30116	51536	242194
30622	0	242194
31122	0	242194
31623	0	242194
32125	0	242194
32625	0	242194
33126	0	242194
33630	0	242194
34131	0	242194
34633	0	242194
35154	0	242194
35655	0	242194
36169	0	242194
36673	0	242194
37173	112818	355012
37674	112818	355012
38175	112818	355012
38675	112818	355012
39176	112818	355012
39677	112818	355012
40177	112818	355012
40678	112818	355012
41179	60897	355012
41679	60897	355012
42180	60897	355012
42681	60897	355012
43181	60897	355012
43682	60897	355012
44183	60897	355012
44683	60897	355012
45184	8976	355012
45697	0	355012
46221	0	355012
46743	0	355012
47251	0	355012
47764	0	355012
48272	0	355012
48777	0	355012
49284	0	355012
49786	0	355012
50292	0	355012
50801	0	355012
51316	0	355012
51821	0	355012
52341	0	355012
52843	0	355012
53348	0	355012
53863	0	355012
54376	0	355012
54880	0	355012
55381	0	355012
55892	0	355012
56394	0	355012
56897	0	355012
57405	0	355012
57908	0	355012
58414	0	355012
58917	0	355012
59423	0	355012
59931	0	355012
60436	0	355012
60945	0	355012
61461	0	355012
61970	0	355012
62479	0	355012
62980	0	355012
63492	0	355012
64003	0	355012
64504	0	355012
65015	0	355012
65528	0	355012
66031	0	355012
66534	0	355012
67038	0	355012
67561	0	355012
68079	0	355012
