22	31104	31104
524	31104	31104
1025	31104	31104
1525	159616	159616
2026	159616	159616
2527	159616	159616
3027	159616	159616
3528	159616	159616
4029	128512	159616
4529	128512	159616
5030	128512	159616
5531	128512	159616
6031	128512	159616
6532	128512	159616
7033	128512	159616
7533	128512	159616
8038	128512	159616
8548	128512	159616
9048	128512	159616
9549	128512	159616
10054	128512	159616
10566	128512	159616
11070	128512	159616
11572	128512	159616
12080	128512	159616
12582	128512	159616
13095	128512	159616
13595	141120	300736
14096	141120	300736
14597	141120	300736
15097	141120	300736
15598	141120	300736
16099	141120	300736
16599	141120	300736
17100	141120	300736
17600	141120	300736
18101	141120	300736
18602	141120	300736
19102	141120	300736
19603	70560	300736
20104	70560	300736
20604	70560	300736
21105	70560	300736
21606	122096	352272
22106	122096	352272
22607	122096	352272
23108	122096	352272
23608	122096	352272
24109	122096	352272
24610	122096	352272
25110	51536	352272
25611	72582	373318
26112	72582	373318
26612	72582	373318
27113	72582	373318
27613	72582	373318
28114	72582	373318
28614	72582	373318
29115	72582	373318
29615	21046	373318
30116	42092	394364
30622	42092	394364
31122	21046	394364
31623	21046	394364
32125	42092	415410
32625	21046	415410
33126	21046	415410
33630	21046	415410
34131	21046	415410
34633	0	415410
35154	0	415410
35655	0	415410
36169	0	415410
36673	0	415410
37173	112818	528228
37674	112818	528228
38175	112818	528228
38675	112818	528228
39176	112818	528228
39677	112818	528228
40177	112818	528228
40678	112818	528228
41179	60897	528228
41679	60897	528228
42180	60897	528228
42681	60897	528228
43181	60897	528228
43682	60897	528228
44183	60897	528228
44683	60897	528228
45184	8976	528228
45697	123488	651716
46221	123488	651716
46743	123488	651716
47251	123488	651716
47764	123488	651716
48272	123488	651716
48777	123488	651716
49284	123488	651716
49786	123488	651716
50292	123488	651716
50801	123488	651716
51316	123488	651716
51821	123488	651716
52341	123488	651716
52843	123488	651716
53348	123488	651716
53863	123488	651716
54376	123488	651716
54880	123488	651716
55381	123488	651716
55892	123488	651716
56394	0	651716
56897	0	651716
57405	0	651716
57908	0	651716
58414	0	651716
58917	0	651716
59423	0	651716
59931	0	651716
60436	0	651716
60945	0	651716
61461	0	651716
61970	0	651716
62479	0	651716
62980	0	651716
63492	0	651716
64003	0	651716
64504	0	651716
65015	0	651716
65528	0	651716
66031	0	651716
66534	0	651716
67038	0	651716
67561	0	651716
68079	0	651716
