22	50128	50128
524	50128	50128
1025	50128	50128
1525	50128	50128
2026	50128	50128
2527	50128	50128
3027	50128	50128
3528	19024	50128
4029	19024	50128
4529	19024	50128
5030	0	50128
5531	0	50128
6031	0	50128
6532	0	50128
7033	0	50128
7533	0	50128
8038	0	50128
8548	0	50128
9048	0	50128
9549	0	50128
10054	0	50128
10566	0	50128
11070	0	50128
11572	0	50128
12080	0	50128
12582	0	50128
13095	0	50128
13595	70560	120688
14096	70560	120688
14597	70560	120688
15097	70560	120688
15598	70560	120688
16099	70560	120688
16599	70560	120688
17100	70560	120688
17600	70560	120688
18101	70560	120688
18602	70560	120688
19102	70560	120688
19603	51536	172224
20104	51536	172224
20604	51536	172224
21105	51536	172224
21606	103072	223760
22106	103072	223760
22607	103072	223760
23108	103072	223760
23608	72582	244806
24109	72582	244806
24610	72582	244806
25110	72582	244806
25611	72582	244806
26112	72582	244806
26612	72582	244806
27113	72582	244806
27613	72582	244806
28114	21046	244806
28614	21046	244806
29115	21046	244806
29615	0	244806
30116	0	244806
30622	0	244806
31122	0	244806
31623	0	244806
32125	0	244806
32625	0	244806
33126	0	244806
33630	0	244806
34131	0	244806
34633	0	244806
35154	0	244806
35655	0	244806
36169	0	244806
36673	0	244806
37173	54168	298974
37674	54168	298974
38175	54168	298974
38675	31572	298974
39176	31572	298974
39677	31572	298974
40177	31572	298974
40678	8976	298974
41179	0	298974
41679	0	298974
42180	0	298974
42681	0	298974
43181	0	298974
43682	0	298974
44183	0	298974
44683	0	298974
45184	0	298974
45697	0	298974
46221	0	298974
46743	0	298974
47251	0	298974
47764	0	298974
48272	0	298974
48777	0	298974
49284	0	298974
49786	0	298974
50292	0	298974
50801	0	298974
51316	0	298974
51821	0	298974
52341	0	298974
52843	0	298974
53348	0	298974
53863	0	298974
54376	0	298974
54880	0	298974
55381	0	298974
55892	0	298974
56394	0	298974
56897	0	298974
57405	0	298974
57908	0	298974
58414	0	298974
58917	0	298974
59423	0	298974
59931	0	298974
60436	0	298974
60945	0	298974
61461	0	298974
61970	0	298974
62479	0	298974
62980	0	298974
63492	0	298974
64003	0	298974
64504	0	298974
65015	0	298974
65528	0	298974
66031	0	298974
66534	0	298974
67038	0	298974
67561	0	298974
68079	0	298974
