22	93784	93784
524	93784	93784
1025	93784	93784
1525	93784	93784
2026	93784	93784
2527	93784	93784
3027	93784	93784
3528	93784	93784
4029	93784	93784
4529	93784	93784
5030	93784	93784
5531	93784	93784
6031	93784	93784
6532	93784	93784
7033	93784	93784
7533	93784	93784
8038	0	93784
8548	0	93784
9048	0	93784
9549	0	93784
10054	0	93784
10566	0	93784
11070	0	93784
11572	0	93784
12080	0	93784
12582	0	93784
13095	0	93784
13595	104534	198318
14096	104534	198318
14597	104534	198318
15097	104534	198318
15598	104534	198318
16099	104534	198318
16599	104534	198318
17100	104534	198318
17600	104534	198318
18101	104534	198318
18602	104534	198318
19102	85510	249854
19603	85510	249854
20104	85510	249854
20604	85510	249854
21105	85510	249854
21606	51536	249854
22106	51536	249854
22607	51536	249854
23108	51536	249854
23608	51536	249854
24109	72582	270900
24610	72582	270900
25110	72582	270900
25611	21046	270900
26112	21046	270900
26612	21046	270900
27113	21046	270900
27613	0	270900
28114	0	270900
28614	0	270900
29115	0	270900
29615	0	270900
30116	0	270900
30622	0	270900
31122	0	270900
31623	0	270900
32125	0	270900
32625	0	270900
33126	0	270900
33630	0	270900
34131	0	270900
34633	0	270900
35154	0	270900
35655	0	270900
36169	0	270900
36673	0	270900
37173	112818	383718
37674	112818	383718
38175	112818	383718
38675	112818	383718
39176	112818	383718
39677	112818	383718
40177	112818	383718
40678	112818	383718
41179	60897	383718
41679	60897	383718
42180	60897	383718
42681	60897	383718
43181	60897	383718
43682	60897	383718
44183	60897	383718
44683	60897	383718
45184	8976	383718
45697	0	383718
46221	0	383718
46743	0	383718
47251	0	383718
47764	0	383718
48272	0	383718
48777	0	383718
49284	0	383718
49786	0	383718
50292	0	383718
50801	0	383718
51316	0	383718
51821	0	383718
52341	0	383718
52843	0	383718
53348	0	383718
53863	0	383718
54376	0	383718
54880	0	383718
55381	0	383718
55892	0	383718
56394	0	383718
56897	0	383718
57405	0	383718
57908	0	383718
58414	0	383718
58917	0	383718
59423	0	383718
59931	0	383718
60436	0	383718
60945	0	383718
61461	0	383718
61970	0	383718
62479	0	383718
62980	0	383718
63492	0	383718
64003	0	383718
64504	0	383718
65015	0	383718
65528	0	383718
66031	0	383718
66534	0	383718
67038	0	383718
67561	0	383718
68079	0	383718
