22	50128	50128
524	50128	50128
1025	50128	50128
1525	50128	50128
2026	50128	50128
2527	50128	50128
3027	50128	50128
3528	19024	50128
4029	19024	50128
4529	19024	50128
5030	0	50128
5531	0	50128
6031	0	50128
6532	0	50128
7033	0	50128
7533	0	50128
8038	28320	78448
8548	28320	78448
9048	28320	78448
9549	28320	78448
10054	0	78448
10566	0	78448
11070	0	78448
11572	0	78448
12080	0	78448
12582	0	78448
13095	0	78448
13595	141120	219568
14096	141120	219568
14597	141120	219568
15097	141120	219568
15598	141120	219568
16099	141120	219568
16599	141120	219568
17100	141120	219568
17600	141120	219568
18101	141120	219568
18602	141120	219568
19102	70560	219568
19603	122096	271104
20104	122096	271104
20604	122096	271104
21105	122096	271104
21606	122096	271104
22106	122096	271104
22607	122096	271104
23108	122096	271104
23608	122096	271104
24109	122096	271104
24610	51536	271104
25110	51536	271104
25611	51536	271104
26112	51536	271104
26612	51536	271104
27113	51536	271104
27613	51536	271104
28114	51536	271104
28614	51536	271104
29115	0	271104
29615	21046	292150
30116	21046	292150
30622	42092	313196
31122	21046	313196
31623	21046	313196
32125	71046	363196
32625	71046	363196
33126	50000	363196
33630	50000	363196
34131	50000	363196
34633	50000	363196
35154	50000	363196
35655	50000	363196
36169	50000	363196
36673	50000	363196
37173	112818	476014
37674	112818	476014
38175	112818	476014
38675	112818	476014
39176	112818	476014
39677	112818	476014
40177	112818	476014
40678	112818	476014
41179	60897	476014
41679	60897	476014
42180	60897	476014
42681	60897	476014
43181	60897	476014
43682	60897	476014
44183	60897	476014
44683	60897	476014
45184	8976	476014
45697	0	476014
46221	0	476014
46743	0	476014
47251	0	476014
47764	0	476014
48272	0	476014
48777	0	476014
49284	0	476014
49786	0	476014
50292	0	476014
50801	0	476014
51316	0	476014
51821	0	476014
52341	0	476014
52843	0	476014
53348	0	476014
53863	0	476014
54376	0	476014
54880	0	476014
55381	0	476014
55892	0	476014
56394	133712	609726
56897	133712	609726
57405	133712	609726
57908	133712	609726
58414	133712	609726
58917	133712	609726
59423	133712	609726
59931	133712	609726
60436	133712	609726
60945	133712	609726
61461	133712	609726
61970	133712	609726
62479	133712	609726
62980	133712	609726
63492	133712	609726
64003	133712	609726
64504	133712	609726
65015	133712	609726
65528	133712	609726
66031	133712	609726
66534	0	609726
67038	0	609726
67561	0	609726
68079	0	609726
