22	50128	50128
524	50128	50128
1025	50128	50128
1525	50128	50128
2026	50128	50128
2527	50128	50128
3027	19024	50128
3528	19024	50128
4029	19024	50128
4529	0	50128
5030	0	50128
5531	0	50128
6031	0	50128
6532	0	50128
7033	0	50128
7533	0	50128
8038	0	50128
8548	0	50128
9048	0	50128
9549	0	50128
10054	0	50128
10566	0	50128
11070	0	50128
11572	0	50128
12080	0	50128
12582	0	50128
13095	0	50128
13595	104534	154662
14096	104534	154662
14597	104534	154662
15097	104534	154662
15598	104534	154662
16099	104534	154662
16599	104534	154662
17100	104534	154662
17600	104534	154662
18101	104534	154662
18602	104534	154662
19102	33974	154662
19603	33974	154662
20104	33974	154662
20604	33974	154662
21105	33974	154662
21606	51536	206198
22106	51536	206198
22607	51536	206198
23108	51536	206198
23608	72582	227244
24109	72582	227244
24610	72582	227244
25110	72582	227244
25611	21046	227244
26112	21046	227244
26612	21046	227244
27113	21046	227244
27613	0	227244
28114	0	227244
28614	0	227244
29115	0	227244
29615	0	227244
30116	0	227244
30622	0	227244
31122	0	227244
31623	0	227244
32125	0	227244
32625	0	227244
33126	0	227244
33630	0	227244
34131	0	227244
34633	0	227244
35154	0	227244
35655	0	227244
36169	0	227244
36673	0	227244
37173	54168	281412
37674	54168	281412
38175	54168	281412
38675	31572	281412
39176	31572	281412
39677	31572	281412
40177	31572	281412
40678	8976	281412
41179	0	281412
41679	0	281412
42180	0	281412
42681	0	281412
43181	0	281412
43682	0	281412
44183	0	281412
44683	0	281412
45184	0	281412
45697	0	281412
46221	0	281412
46743	0	281412
47251	0	281412
47764	0	281412
48272	0	281412
48777	0	281412
49284	0	281412
49786	0	281412
50292	0	281412
50801	0	281412
51316	0	281412
51821	0	281412
52341	0	281412
52843	0	281412
53348	0	281412
53863	0	281412
54376	0	281412
54880	0	281412
55381	0	281412
55892	0	281412
56394	0	281412
56897	0	281412
57405	0	281412
57908	0	281412
58414	0	281412
58917	0	281412
59423	0	281412
59931	0	281412
60436	0	281412
60945	0	281412
61461	0	281412
61970	0	281412
62479	0	281412
62980	0	281412
63492	0	281412
64003	0	281412
64504	0	281412
65015	0	281412
65528	0	281412
66031	0	281412
66534	0	281412
67038	0	281412
67561	0	281412
68079	0	281412
