22	62208	62208
524	62208	62208
1025	62208	62208
1525	62208	62208
2026	62208	62208
2527	62208	62208
3027	62208	62208
3528	62208	62208
4029	31104	62208
4529	31104	62208
5030	31104	62208
5531	31104	62208
6031	31104	62208
6532	0	62208
7033	0	62208
7533	0	62208
8038	0	62208
8548	0	62208
9048	0	62208
9549	0	62208
10054	0	62208
10566	0	62208
11070	0	62208
11572	0	62208
12080	0	62208
12582	0	62208
13095	0	62208
13595	67948	130156
14096	67948	130156
14597	67948	130156
15097	67948	130156
15598	67948	130156
16099	67948	130156
16599	33974	130156
17100	33974	130156
17600	33974	130156
18101	33974	130156
18602	33974	130156
19102	0	130156
19603	51536	181692
20104	51536	181692
20604	51536	181692
21105	51536	181692
21606	51536	181692
22106	51536	181692
22607	51536	181692
23108	51536	181692
23608	72582	202738
24109	21046	202738
24610	21046	202738
25110	72582	254274
25611	72582	275320
26112	72582	275320
26612	72582	275320
27113	72582	275320
27613	72582	275320
28114	72582	275320
28614	72582	275320
29115	72582	275320
29615	72582	275320
30116	21046	275320
30622	21046	275320
31122	21046	275320
31623	0	275320
32125	0	275320
32625	0	275320
33126	0	275320
33630	0	275320
34131	0	275320
34633	0	275320
35154	0	275320
35655	0	275320
36169	0	275320
36673	0	275320
37173	54168	329488
37674	54168	329488
38175	54168	329488
38675	31572	329488
39176	31572	329488
39677	31572	329488
40177	31572	329488
40678	8976	329488
41179	0	329488
41679	0	329488
42180	0	329488
42681	0	329488
43181	0	329488
43682	0	329488
44183	0	329488
44683	0	329488
45184	0	329488
45697	0	329488
46221	0	329488
46743	0	329488
47251	0	329488
47764	0	329488
48272	0	329488
48777	0	329488
49284	0	329488
49786	0	329488
50292	0	329488
50801	0	329488
51316	0	329488
51821	0	329488
52341	0	329488
52843	0	329488
53348	0	329488
53863	0	329488
54376	0	329488
54880	0	329488
55381	0	329488
55892	0	329488
56394	0	329488
56897	0	329488
57405	0	329488
57908	0	329488
58414	0	329488
58917	0	329488
59423	0	329488
59931	0	329488
60436	0	329488
60945	0	329488
61461	0	329488
61970	0	329488
62479	0	329488
62980	0	329488
63492	0	329488
64003	0	329488
64504	0	329488
65015	0	329488
65528	0	329488
66031	0	329488
66534	0	329488
67038	0	329488
67561	0	329488
68079	0	329488
